40      6       4.8     3.6     1       0.5     0
38      5.99    4.79    3.59    0.98    0.49    -0.01
36      5.96    4.77    3.58    0.97    0.46    -0.04
34      5.92    4.73    3.55    0.92    0.42    -0.08
32      5.85    4.68    3.51    0.86    0.36    -0.15
30      5.77    4.62    3.46    0.78    0.28    -0.23
28      5.67    4.54    3.4     0.69    0.19    -0.33
26      5.56    4.48    3.33    0.58    0.08    -0.44
24      5.43    4.34    3.26    0.47    -0.06   -0.57
22      5.28    4.22    3.17    0.33    -0.2    -0.72
20      5.12    4.1     3.07    0.18    -0.35   -0.88
18      4.95    3.96    2.97    0.02    -0.52   -1.05
16      4.76    3.81    2.86    -0.15   -0.7    -1.24
14      4.57    3.65    2.74    -0.34   -0.89   -1.43
12      4.36    3.49    2.62    -0.52   -1.08   -1.64
10      4.15    3.32    2.49    -0.73   -1.29   -1.85
8       3.93    3.14    2.36    -0.93   -1.51   -2.07
6       3.7     2.96    2.22    -1.15   -1.72   -2.3
4       3.47    2.78    2.08    -1.36   -1.94   -2.53
2       3.24    2.59    1.94    -1.58   -2.17   -2.76
0       3       2.4     1.8     -1.8    -2.4    -3
-2      2.76    2.21    1.66    -1.94   -2.59   -3.24
-4      2.53    2.02    1.52    -2.08   -2.78   -3.47
-6      2.3     1.84    1.38    -2.22   -2.96   -3.7
-8      2.07    1.66    1.24    -2.36   -3.14   -3.93
-10     1.85    1.48    1.11    -2.49   -3.32   -4.15
-12     1.64    1.31    0.98    -2.62   -3.49   -4.36
-14     1.43    1.15    0.86    -2.74   -3.65   -4.57
-16     1.24    0.99    0.74    -2.86   -3.81   -4.76
-18     1.05    0.84    0.63    -2.97   -3.96   -4.95
-20     0.88    0.7     0.53    -3.07   -4.1    -5.12
-22     0.72    0.58    0.43    -3.17   -4.22   -5.28
-24     0.57    0.46    0.34    -3.26   -4.34   -5.43
-26     0.44    0.35    0.27    -3.33   -4.48   -5.56
-28     0.33    0.26    0.2     -3.4    -4.54   -5.67
-30     0.23    0.18    0.14    -3.46   -4.62   -5.77
-32     0.15    0.12    0.09    -3.51   -4.68   -5.85
-34     0.08    0.07    0.05    -3.55   -4.73   -5.92
-36     0.04    0.03    0.02    -3.58   -4.77   -5.96
-38     0.01    0.01    0.01    -3.59   -4.79   -5.99
-40     0       0       0       -3.6    -4.8    -6

