40      5.40    4.20    0.75    0.25
38      5.39    4.19    0.74    0.24
36      5.36    4.18    0.72    0.21
34      5.32    4.14    0.67    0.17
32      5.26    4.10    0.61    0.10
30      5.20    4.04    0.53    0.03
28      5.11    3.97    0.44    -0.07
26      5.02    3.90    0.33    -0.18
24      4.88    3.80    0.20    -0.31
22      4.75    3.70    0.06    -0.46
20      4.61    3.58    -0.08   -0.62
18      4.46    3.46    -0.25   -0.78
16      4.28    3.34    -0.42   -0.97
14      4.11    3.20    -0.62   -1.16
12      3.92    3.06    -0.80   -1.36
10      3.74    2.90    -1.01   -1.57
8       3.54    2.75    -1.22   -1.79
6       3.33    2.59    -1.44   -2.01
4       3.12    2.43    -1.65   -2.24
2       2.92    2.26    -1.88   -2.46
0       2.70    2.10    -2.10   -2.70
-2      2.48    1.94    -2.26   -2.92
-4      2.28    1.77    -2.43   -3.12
-6      2.07    1.61    -2.59   -3.33
-8      1.86    1.45    -2.75   -3.54
-10     1.66    1.30    -2.90   -3.74
-12     1.48    1.14    -3.06   -3.92
-14     1.29    1.00    -3.20   -4.11
-16     1.12    0.86    -3.34   -4.28
-18     0.94    0.74    -3.46   -4.46
-20     0.79    0.62    -3.58   -4.61
-22     0.65    0.50    -3.70   -4.75
-24     0.52    0.40    -3.80   -4.88
-26     0.40    0.31    -3.90   -5.02
-28     0.30    0.23    -3.97   -5.11
-30     0.20    0.16    -4.04   -5.20
-32     0.14    0.10    -4.10   -5.26
-34     0.08    0.06    -4.14   -5.32
-36     0.04    0.02    -4.18   -5.36
-38     0.01    0.01    -4.19   -5.39
-40     0.00    0.00    -4.20   -5.40

